0.141889 0.862993
0.146125343952 0.862993
0.150361687905 0.862993
0.154598031857 0.862993
0.15883437581 0.862993
0.163070719763 0.862993
0.167307063715 0.862993
0.171543407667 0.862993
0.17577975162 0.862993
0.180016095573 0.862993
0.184252439525 0.862993
0.188488783477 0.862993
0.192725127431 0.862993
0.196961471383 0.862993
0.201197815335 0.862993
0.205434159289 0.862993
0.209670503241 0.862993
0.213906847193 0.862993
0.218143191147 0.862993
0.222379535099 0.862993
0.226615879051 0.862993
0.230852223003 0.862993
0.235088566957 0.862993
0.239324910909 0.862993
0.243561254861 0.862993
0.247474501951 0.861728852206
0.251679277726 0.861282051877
0.255899268576 0.860910687043
0.260125335506 0.860625584198
0.264361282644 0.860587
0.268597626597 0.860587
0.272252514442 0.858623202937
0.27576272883 0.856252715429
0.279551334221 0.854800902939
0.283262000364 0.853216727737
0.286933432227 0.851778436777
0.290957874886 0.850858919021
0.294251258185 0.848571
0.297782680931 0.846397591247
0.301509428595 0.844704498162
0.30507073353 0.842419809625
0.308807745822 0.840637824222
0.312605318934 0.838842871202
0.315326099814 0.83701420969
0.31871694729 0.834860504429
0.321262070428 0.832642574135
0.324253853227 0.829643330275
0.327354051356 0.826923109021
0.330124391258 0.823723065954
0.332805140367 0.820468740684
0.334097 0.818125869424
0.336144373831 0.815463388604
0.338968837167 0.812408485639
0.340893833956 0.808636534351
0.343240668149 0.805148411763
0.343713 0.804850727078
0.345392382096 0.801933164514
0.347286889443 0.798158905347
0.348511 0.797161152959
0.349119173387 0.794895488079
0.350813422673 0.791016526215
0.350917 0.790168745839
0.352104530907 0.787552711702
0.353005137281 0.783434116219
0.353311 0.783302808444
0.354465544837 0.780259968937
0.355705 0.776681786131
0.355788732491 0.77680157307
0.356954562413 0.772740129811
0.35816362756 0.768682962261
0.35972194099 0.764743638798
0.360165093124 0.760542788565
0.360336115895 0.75631027171
0.360442559012 0.752075348781
0.360507104989 0.747839546575
0.360512 0.743603251609
0.360512 0.739366907657
0.360512746712 0.735130563801
0.360513849134 0.730894219992
0.360514951556 0.726657876183
0.360516053979 0.722421532374
0.360517156401 0.718185188565
0.360518258823 0.713948844756
0.360519361246 0.709712500946
0.360520463668 0.705476157137
0.36052156609 0.701239813328
0.360522668512 0.697003469519
0.360523770934 0.69276712571
0.360524873356 0.6885307819
0.360525975779 0.684294438092
0.360527078201 0.680058094283
0.360528180622 0.675821750473
0.360529283045 0.671585406665
0.360530385467 0.667349062855
0.36053148789 0.663112719045
0.360532590312 0.658876375237
0.360533692734 0.654640031427
0.360534795156 0.650403687618
0.360535897579 0.64616734381
