0.141889 0.862993
0.144453442318 0.862993
0.147017884636 0.862993
0.149582326954 0.862993
0.152146769273 0.862993
0.154711211591 0.862993
0.157275653909 0.862993
0.159840096227 0.862993
0.162404538545 0.862993
0.164968980863 0.862993
0.167533423181 0.862993
0.1700978655 0.862993
0.172662307818 0.862993
0.175226750136 0.862993
0.177791192454 0.862993
0.180355634772 0.862993
0.18292007709 0.862993
0.185484519408 0.862993
0.188048961727 0.862993
0.190613404045 0.862993
0.193177846363 0.862993
0.195742288681 0.862993
0.198306730999 0.862993
0.200871173317 0.862993
0.203435615635 0.862993
0.206000057955 0.862993
0.208564500273 0.862993
0.211128942591 0.862993
0.213693384908 0.862993
0.216257827226 0.862993
0.218822269544 0.862993
0.221386711862 0.862993
0.223951154182 0.862993
0.2265155965 0.862993
0.229080038818 0.862993
0.231644481136 0.862993
0.234208923454 0.862993
0.236773365772 0.862993
0.23933780809 0.862993
0.241902250409 0.862993
0.244466692727 0.862993
0.246546429457 0.86424840889
0.248445502575 0.865971744521
0.250463502073 0.867472625518
0.252986411695 0.86781
0.255327909386 0.868349342181
0.257143872772 0.870160044085
0.259158767256 0.870126420069
0.261488636932 0.871164220603
0.263777228019 0.872321249228
0.263055391364 0.871285347924
0.262929552829 0.870740201682
0.265165798633 0.871995418441
0.267414478982 0.873213445031
0.269572216858 0.874599277512
0.271729954732 0.875985109993
0.273887692607 0.877370942473
0.272294456483 0.875720716132
0.272952190092 0.875836765742
0.27502206484 0.877350695376
0.277192426314 0.87871197858
0.279077006106 0.879756216585
0.281171192729 0.881236333739
0.283265379351 0.882716450895
0.285359565974 0.88419656805
0.284795255374 0.88343265837
0.282985238338 0.88161601281
0.281311388273 0.879881892907
0.283743317593 0.880695578461
0.286175246915 0.881509264015
0.288428 0.882074060659
0.289329378436 0.879796223752
0.290930472095 0.877793584939
0.292809893972 0.876050714764
0.29443389523 0.874370226447
0.296718464836 0.873212993243
0.298840357914 0.871851895297
0.300656285475 0.870041157471
0.302471874014 0.868230079709
0.304656879749 0.866933569954
0.307056559463 0.866045140849
0.309560639786 0.865515908727
0.312093206618 0.8654
0.314657648936 0.8654
0.317222091254 0.8654
0.319786533572 0.8654
0.32235097589 0.8654
0.324866013792 0.865207323952
0.327142598049 0.864070262988
0.329700594538 0.863888553437
0.332258162777 0.863701219001
0.334814227029 0.863494096527
0.337369604491 0.863279010624
0.339923530813 0.863047009024
0.342485524745 0.862993
0.345049967063 0.862993
0.347614409381 0.862993
0.350178851699 0.862993
0.352448566044 0.861998185799
0.3542320615 0.860208739724
0.3557697825 0.858156477915
0.357307503499 0.856104216106
0.358845224498 0.854051954297
0.360382945498 0.851999692489
0.361920666497 0.849947430679
0.362952 0.847726502509
0.362952 0.845162060191
0.362952 0.842597617873
0.362952 0.840033175555
0.362952 0.837468733237
0.363226645186 0.834924751824
0.363633626365 0.832392835888
0.364063602095 0.82986471264
0.364597233078 0.827356885632
0.365234171112 0.824873052222
0.365367 0.822323521635
0.365367 0.819759079318
0.365433999219 0.817214416533
0.366826763912 0.815061146714
0.367461652122 0.812586342748
0.367769 0.8103147751
0.369444936951 0.808445551677
0.371268359701 0.80664238686
0.373057414941 0.804825166348
0.374868106979 0.803009193126
0.37668093569 0.801195353022
0.377729394406 0.799037451574
0.37911298879 0.796886005264
0.380942795697 0.795615826688
0.382783055668 0.793833267786
0.383293 0.791466148082
0.382127343908 0.789282549779
0.380613254591 0.787212791837
0.378966014445 0.785256987016
0.377596151149 0.783881510967
0.379416222478 0.785688083622
0.381236293809 0.787494656277
0.381465583849 0.78759900862
0.379786190092 0.785660968111
0.378106796335 0.783722927604
0.377378086367 0.781271913644
0.375570812243 0.779454558885
0.373758609726 0.777640093002
0.373213024438 0.777058463594
0.375075803384 0.778820967211
0.373855643406 0.776689578872
0.372558630114 0.774477312857
0.371305361183 0.772771560339
0.370171 0.770675467213
0.368888605879 0.768512116232
0.367696551659 0.766489059143
0.367189178418 0.763975309593
0.366681805178 0.761461560043
0.366174431937 0.758947810494
0.365667058697 0.756434060944
0.365159685456 0.753920311394
0.364652312216 0.751406561844
0.364100727167 0.748902668462
0.363492337154 0.746411438646
0.363103096513 0.743885941997
0.362346521329 0.741491649628
0.361153765412 0.739221473923
0.360512308278 0.73681536256
0.360512975621 0.734250920328
0.360513642965 0.731686478097
0.360514310309 0.729122035866
0.360514977653 0.726557593634
0.360515644997 0.723993151403
0.360516312341 0.721428709172
0.360516979685 0.71886426694
0.360517647029 0.716299824709
0.360518314372 0.713735382477
0.360518981716 0.711170940246
0.36051964906 0.708606498015
0.360520316404 0.706042055784
0.360520983748 0.703477613553
0.360521651092 0.700913171322
0.360522318436 0.698348729089
0.36052298578 0.695784286858
0.360523653123 0.693219844627
0.360524320467 0.690655402396
0.360524987811 0.688090960165
0.360525655155 0.685526517933
0.360526322499 0.682962075702
0.360526989843 0.680397633471
0.360527657186 0.677833191239
0.360528324531 0.675268749007
0.360528991874 0.672704306776
0.360529659218 0.670139864545
0.360530326562 0.667575422314
0.360530993905 0.665010980082
0.36053166125 0.662446537851
0.360532328594 0.65988209562
0.360532995937 0.657317653388
0.360533663281 0.654753211157
0.360534330625 0.652188768925
0.360534997969 0.649624326694
0.360535665313 0.647059884463
0.360536332656 0.644495442231
0.360537 0.641931
