0.0000000000000000e+00 0.0000000000000000e+00 0.0000000000000000e+00 
1.2168382827005044e-02 0.0000000000000000e+00 0.0000000000000000e+00 0.0000000000000000e+00 -1.2168382827005044e-02 0.0000000000000000e+00 
6.1751028027156811e-02 0.0000000000000000e+00 0.0000000000000000e+00 0.0000000000000000e+00 6.1751028027156811e-02 0.0000000000000000e+00 
0.0000000000000000e+00 0.0000000000000000e+00 0.0000000000000000e+00 0.0000000000000000e+00 0.0000000000000000e+00 2.9727663148645396e-02 
2.8083964825768278e-03 0.0000000000000000e+00 0.0000000000000000e+00 0.0000000000000000e+00 -2.8083964825768278e-03 0.0000000000000000e+00 
1.7787614991835357e-02 0.0000000000000000e+00 0.0000000000000000e+00 0.0000000000000000e+00 1.7787614991835357e-02 0.0000000000000000e+00 
0.0000000000000000e+00 0.0000000000000000e+00 0.0000000000000000e+00 0.0000000000000000e+00 0.0000000000000000e+00 1.0277897867511368e-03 
-3.8954312085142221e-05 0.0000000000000000e+00 0.0000000000000000e+00 0.0000000000000000e+00 3.8954312085142221e-05 0.0000000000000000e+00 
1.2158259526123615e-04 0.0000000000000000e+00 0.0000000000000000e+00 0.0000000000000000e+00 1.2158259526123614e-04 0.0000000000000000e+00 
0.0000000000000000e+00 0.0000000000000000e+00 0.0000000000000000e+00 0.0000000000000000e+00 0.0000000000000000e+00 -1.0115577626088066e-05 
-2.2671335496053727e-06 0.0000000000000000e+00 0.0000000000000000e+00 0.0000000000000000e+00 2.2671335496053727e-06 0.0000000000000000e+00 
-2.9788233757449043e-05 0.0000000000000000e+00 0.0000000000000000e+00 0.0000000000000000e+00 -2.9788233757449043e-05 0.0000000000000000e+00 
0.0000000000000000e+00 0.0000000000000000e+00 0.0000000000000000e+00 0.0000000000000000e+00 0.0000000000000000e+00 -4.2685296012125350e-05 
-2.4305508298244585e-05 0.0000000000000000e+00 0.0000000000000000e+00 0.0000000000000000e+00 2.4305508298244585e-05 0.0000000000000000e+00 
3.1477976561870923e-05 0.0000000000000000e+00 0.0000000000000000e+00 0.0000000000000000e+00 3.1477976561870923e-05 0.0000000000000000e+00 
0.0000000000000000e+00 0.0000000000000000e+00 0.0000000000000000e+00 0.0000000000000000e+00 0.0000000000000000e+00 9.7208120957434154e-05 
6.6171393080092966e-06 0.0000000000000000e+00 0.0000000000000000e+00 0.0000000000000000e+00 -6.6171393080092966e-06 0.0000000000000000e+00 
-2.7953725376366173e-05 0.0000000000000000e+00 0.0000000000000000e+00 0.0000000000000000e+00 -2.7953725376366173e-05 0.0000000000000000e+00 
0.0000000000000000e+00 0.0000000000000000e+00 0.0000000000000000e+00 0.0000000000000000e+00 0.0000000000000000e+00 -5.3138624644252083e-06 
