-0.0560428 0.255639 0.124649
-0.0159375 0.068845 0.0160508
0.000297769 0.00181407 -0.00020855
-3.23182e-05 3.18275e-06 -0.000243749
-7.04073e-05 -0.000309772 0.000167396
-5.32531e-07 0.000124712 -6.73568e-05
-1.11186e-05 -0.000106466 4.26179e-05
-4.57601e-05 2.79847e-05 -6.12374e-05
-6.72033e-05 1.2815e-05 2.4766e-05
8.47115e-05 -9.17637e-05 -9.36376e-05
-2.52261e-05 1.05446e-05 4.60615e-05
8.29607e-06 5.15894e-06 5.6757e-06
3.38087e-06 5.35901e-06 -9.47824e-06
1.40352e-06 -5.24171e-07 1.21564e-05
-7.57853e-06 1.02144e-05 1.13619e-06
3.86558e-07 -8.86427e-06 6.06098e-06
